=======================================================

		 $$$$$$  INPUT FILE  $$$$$$$

=======================================================
----------TOTAL AIRPORTS----------------------
7
----------AIRPORT DETAILS---------------------
-No----Name----Max Delay---takeoff_slots--takeoff_timings(mins)--Landing_slots---Landing_timings(mins)-----
1	MAA	 0		1		0-600			1		0-600
2	BLR	 0		1		0-600 			1		0-600
3	BOM	 0		1	        0-600			1		0-600
4	DEL	 0		1		0-600			1		0-600
5	CCU	 0		1		0-600			1		0-600
6	HYD	 0		1		0-600			1		0-600
7	AHD	 0		1		0-600			1		0-600
----------DEMAND (tons/day)---(line= outgoing demand,column= incoming demand)----------------------------------------------------------------
0	2	8	10	2	2	0
2	0	8	8	2	2	2
8	10	0	22	8	6	4
10	12	22	0	10	4	4
2	2	2	10	0	0	0
0	0	4	4	0	0	0
0	2	2	4	0	0	0
---------BLOCK TIME (min.) -------------------
0	45	105	165	135	60	145
45	0	95	160	150	65	125
105	95	0	120	155	75	60
165	160	120	0	120	125	80
135	150	155	120	0	125	155
60	65	75	125	125	0	120
145	125	60	80	155	120	0	
---------Distance (km) -------------------
0	269	1043	1778	1406	507	1489
269	0	843	1724	1574	454	1289
1043	843	0	1176	1678	630	446
1778	1724	1176	0	1320	1267	765
1406	1574	1678	1320	0	1270	1646
507	454	630	1267	1270	0	1187
1489	1289	446	765	1646	1187	0
----------Total Aircraft Types------------------
2
----------Fleet size (total aircraft)----------
3	4
----------Fleet Detail-------------------------
AC_No--Type--Airport--T/O_time--Availability (mins, from start of the day)--MAX_BH
1	1	MAA	0	600	600	45.0
2	1	HYD	0	600	600	45.0
3	1	DEL	0	600	600	45.0
4	2	MAA	0	600	600	45.0
5	2	MAA	0	600	600	45.0
6	2	BLR	0	600	600	45.0
7       2       CCU     0	600	600	45.0
---------Calculate Cost with AEA? (y/n)---------
n
----------Aircraft Type Details-----------------
Type_No--Code-Rmaxpayload-RmaxFuel-RMaxFerry-Payloadmax-Payloadmaxfuel (km&tons)
1	737	1992	3057	4077	15.0	15.0
2	757	3706	5559	6486	23.0	23.0
----------Static operating cost (Rs.Lacs)---------
--ACTypeNo 1--
0.000	2.400	5.600	8.800	7.200	3.200	7.733
2.400	0.000	5.067	8.533	8.000	3.467	6.667
5.600	5.067	0.000	6.400	8.267	4.000	3.200
8.800	8.533	6.400	0.000	6.400	6.667	4.267
7.200	8.000	8.267	6.400	0.000	6.667	8.267
3.200	3.467	4.000	6.667	6.667	0.000	6.400
7.733	6.667	3.200	4.267	8.267	6.400	0.000
--ACTypeNo 2--
0.000	3.750	8.750	13.750	11.250	5.000	12.083
3.750	0.000	7.917	13.333	12.500	5.417	10.417
8.750	7.917	0.000	10.000	12.917	6.250	5.000
13.750	13.333	10.000	0.000	10.000	10.417	6.667
11.250	12.500	12.917	10.000	0.000	10.417	12.917
5.000	5.417	6.250	10.417	10.417	0.000	10.000
12.083	10.417	5.000	6.667	12.917	10.000	0.000	
----------Total Bases(maintenance center)-------
5
----------Base Station Detail-------------------
No-----Name-----Hanger capacity-----------------
1	MAA	1	2
2	BLR	0	1 
3	HYD	1	0
4	DEL	1	0
5       CCU     0	1
-Max Operating time slot (mins) (from start of the day)-
600
----------Priority of Routes (-1 or 0 to +1)-----------------
(-1=don't fly, 0 no priority,+0.99=high priority,+1=prefer)

0	0	0	0	0	0	0
0	0	0	0	0	0	0
0	0	0	0	0	0	0
0	0	0	0	0	0	0
0	0	0	0	0	0	0
0	0	0	0	0	0	0
0	0	0	0	0	0	0
----------Priority of Routes (-1 or 0 to +1)-----------------

1.0	.25	.25	.25	.25	.25	.25
.25	1.0	.25	.25	.25	.25	.25
.25	.25	1.0	.25	.25	.25	.25
.25	.25	.25	1.0	.25	.25	.25
.25	.25	.25	.25	1.0	.25	.25
.25	.25	.25	.25	.25	1.0	.25
.25	.25	.25	.25	.25	.25	1.0
----------Whitening criteria (decision criteria)-------
----------for Demand index----------------------
--(more then x percentile -select) (less then y percentile -reject)---
	80					20
----------for Cost index------------------------
--(more then x percentile -reject) (less then y percentile -select)---
	80					20
----------for Time (taken) index------------------------
--(more then x percentile -reject) (less then y percentile -select)---
	80					20	
----------for route priority index------------------------
--(more then x percentile -select) (less then y percentile -reject)---
	80					20